0 97 0.510000 0.250000 0.490000 0.750000 
0 53 0.510000 0.250000 0.490000 0.750000 
0 149 0.510000 0.250000 0.490000 0.750000 
0 81 0.510000 0.250000 0.490000 0.750000 
0 47 0.510000 0.250000 0.490000 0.750000 
1 96 0.510000 0.250000 0.490000 0.750000 
1 80 0.510000 0.250000 0.490000 0.750000 
1 148 0.510000 0.250000 0.490000 0.750000 
1 46 0.510000 0.250000 0.490000 0.750000 
1 52 0.510000 0.250000 0.490000 0.750000 
2 47 0.510000 0.250000 0.490000 0.750000 
3 46 0.510000 0.250000 0.490000 0.750000 
4 149 0.510000 0.250000 0.490000 0.750000 
5 148 0.510000 0.250000 0.490000 0.750000 
6 47 0.510000 0.250000 0.490000 0.750000 
7 46 0.510000 0.250000 0.490000 0.750000 
8 129 0.510000 0.250000 0.490000 0.750000 
8 139 0.510000 0.250000 0.490000 0.750000 
8 13 0.510000 0.250000 0.490000 0.750000 
8 17 0.510000 0.250000 0.490000 0.750000 
8 147 0.510000 0.250000 0.490000 0.750000 
8 149 0.510000 0.250000 0.490000 0.750000 
8 23 0.510000 0.250000 0.490000 0.750000 
8 25 0.510000 0.250000 0.490000 0.750000 
8 155 0.510000 0.250000 0.490000 0.750000 
8 157 0.510000 0.250000 0.490000 0.750000 
8 33 0.510000 0.250000 0.490000 0.750000 
8 35 0.510000 0.250000 0.490000 0.750000 
8 39 0.510000 0.250000 0.490000 0.750000 
8 41 0.510000 0.250000 0.490000 0.750000 
8 45 0.510000 0.250000 0.490000 0.750000 
8 47 0.510000 0.250000 0.490000 0.750000 
8 49 0.510000 0.250000 0.490000 0.750000 
8 51 0.510000 0.250000 0.490000 0.750000 
8 59 0.510000 0.250000 0.490000 0.750000 
8 151 0.510000 0.250000 0.490000 0.750000 
8 61 0.510000 0.250000 0.490000 0.750000 
8 19 0.510000 0.250000 0.490000 0.750000 
8 65 0.510000 0.250000 0.490000 0.750000 
8 11 0.510000 0.250000 0.490000 0.750000 
8 71 0.510000 0.250000 0.490000 0.750000 
8 75 0.510000 0.250000 0.490000 0.750000 
8 77 0.510000 0.250000 0.490000 0.750000 
8 79 0.510000 0.250000 0.490000 0.750000 
8 81 0.510000 0.250000 0.490000 0.750000 
8 83 0.510000 0.250000 0.490000 0.750000 
8 85 0.510000 0.250000 0.490000 0.750000 
8 89 0.510000 0.250000 0.490000 0.750000 
8 93 0.510000 0.250000 0.490000 0.750000 
8 95 0.510000 0.250000 0.490000 0.750000 
8 97 0.510000 0.250000 0.490000 0.750000 
8 101 0.510000 0.250000 0.490000 0.750000 
8 105 0.510000 0.250000 0.490000 0.750000 
8 109 0.510000 0.250000 0.490000 0.750000 
8 113 0.510000 0.250000 0.490000 0.750000 
8 115 0.510000 0.250000 0.490000 0.750000 
8 153 0.510000 0.250000 0.490000 0.750000 
8 121 0.510000 0.250000 0.490000 0.750000 
8 123 0.510000 0.250000 0.490000 0.750000 
8 125 0.510000 0.250000 0.490000 0.750000 
8 21 0.510000 0.250000 0.490000 0.750000 
9 128 0.510000 0.250000 0.490000 0.750000 
9 150 0.510000 0.250000 0.490000 0.750000 
9 138 0.510000 0.250000 0.490000 0.750000 
9 12 0.510000 0.250000 0.490000 0.750000 
9 16 0.510000 0.250000 0.490000 0.750000 
9 152 0.510000 0.250000 0.490000 0.750000 
9 146 0.510000 0.250000 0.490000 0.750000 
9 148 0.510000 0.250000 0.490000 0.750000 
9 22 0.510000 0.250000 0.490000 0.750000 
9 24 0.510000 0.250000 0.490000 0.750000 
9 154 0.510000 0.250000 0.490000 0.750000 
9 156 0.510000 0.250000 0.490000 0.750000 
9 32 0.510000 0.250000 0.490000 0.750000 
9 34 0.510000 0.250000 0.490000 0.750000 
9 38 0.510000 0.250000 0.490000 0.750000 
9 40 0.510000 0.250000 0.490000 0.750000 
9 44 0.510000 0.250000 0.490000 0.750000 
9 46 0.510000 0.250000 0.490000 0.750000 
9 48 0.510000 0.250000 0.490000 0.750000 
9 50 0.510000 0.250000 0.490000 0.750000 
9 58 0.510000 0.250000 0.490000 0.750000 
9 60 0.510000 0.250000 0.490000 0.750000 
9 10 0.510000 0.250000 0.490000 0.750000 
9 64 0.510000 0.250000 0.490000 0.750000 
9 70 0.510000 0.250000 0.490000 0.750000 
9 74 0.510000 0.250000 0.490000 0.750000 
9 76 0.510000 0.250000 0.490000 0.750000 
9 78 0.510000 0.250000 0.490000 0.750000 
9 80 0.510000 0.250000 0.490000 0.750000 
9 82 0.510000 0.250000 0.490000 0.750000 
9 84 0.510000 0.250000 0.490000 0.750000 
9 88 0.510000 0.250000 0.490000 0.750000 
9 92 0.510000 0.250000 0.490000 0.750000 
9 94 0.510000 0.250000 0.490000 0.750000 
9 96 0.510000 0.250000 0.490000 0.750000 
9 100 0.510000 0.250000 0.490000 0.750000 
9 104 0.510000 0.250000 0.490000 0.750000 
9 108 0.510000 0.250000 0.490000 0.750000 
9 18 0.510000 0.250000 0.490000 0.750000 
9 112 0.510000 0.250000 0.490000 0.750000 
9 114 0.510000 0.250000 0.490000 0.750000 
9 120 0.510000 0.250000 0.490000 0.750000 
9 20 0.510000 0.250000 0.490000 0.750000 
9 122 0.510000 0.250000 0.490000 0.750000 
9 124 0.510000 0.250000 0.490000 0.750000 
12 19 0.510000 0.250000 0.490000 0.750000 
12 97 0.510000 0.250000 0.490000 0.750000 
12 47 0.510000 0.250000 0.490000 0.750000 
12 81 0.510000 0.250000 0.490000 0.750000 
12 115 0.510000 0.250000 0.490000 0.750000 
12 149 0.510000 0.250000 0.490000 0.750000 
12 61 0.510000 0.250000 0.490000 0.750000 
12 21 0.510000 0.250000 0.490000 0.750000 
13 96 0.510000 0.250000 0.490000 0.750000 
13 18 0.510000 0.250000 0.490000 0.750000 
13 46 0.510000 0.250000 0.490000 0.750000 
13 80 0.510000 0.250000 0.490000 0.750000 
13 114 0.510000 0.250000 0.490000 0.750000 
13 148 0.510000 0.250000 0.490000 0.750000 
13 20 0.510000 0.250000 0.490000 0.750000 
13 60 0.510000 0.250000 0.490000 0.750000 
14 127 0.510000 0.250000 0.490000 0.750000 
15 126 0.510000 0.250000 0.490000 0.750000 
16 133 0.510000 0.250000 0.490000 0.750000 
16 151 0.510000 0.250000 0.490000 0.750000 
17 132 0.510000 0.250000 0.490000 0.750000 
17 150 0.510000 0.250000 0.490000 0.750000 
18 97 0.510000 0.250000 0.490000 0.750000 
18 77 0.510000 0.250000 0.490000 0.750000 
18 47 0.510000 0.250000 0.490000 0.750000 
18 115 0.510000 0.250000 0.490000 0.750000 
18 149 0.510000 0.250000 0.490000 0.750000 
18 59 0.510000 0.250000 0.490000 0.750000 
19 96 0.510000 0.250000 0.490000 0.750000 
19 76 0.510000 0.250000 0.490000 0.750000 
19 46 0.510000 0.250000 0.490000 0.750000 
19 114 0.510000 0.250000 0.490000 0.750000 
19 148 0.510000 0.250000 0.490000 0.750000 
19 58 0.510000 0.250000 0.490000 0.750000 
20 97 0.510000 0.250000 0.490000 0.750000 
20 65 0.510000 0.250000 0.490000 0.750000 
20 129 0.510000 0.250000 0.490000 0.750000 
20 139 0.510000 0.250000 0.490000 0.750000 
20 61 0.510000 0.250000 0.490000 0.750000 
20 47 0.510000 0.250000 0.490000 0.750000 
20 81 0.510000 0.250000 0.490000 0.750000 
20 115 0.510000 0.250000 0.490000 0.750000 
20 149 0.510000 0.250000 0.490000 0.750000 
20 121 0.510000 0.250000 0.490000 0.750000 
20 155 0.510000 0.250000 0.490000 0.750000 
20 117 0.510000 0.250000 0.490000 0.750000 
20 93 0.510000 0.250000 0.490000 0.750000 
20 85 0.510000 0.250000 0.490000 0.750000 
21 96 0.510000 0.250000 0.490000 0.750000 
21 128 0.510000 0.250000 0.490000 0.750000 
21 116 0.510000 0.250000 0.490000 0.750000 
21 64 0.510000 0.250000 0.490000 0.750000 
21 60 0.510000 0.250000 0.490000 0.750000 
21 138 0.510000 0.250000 0.490000 0.750000 
21 46 0.510000 0.250000 0.490000 0.750000 
21 80 0.510000 0.250000 0.490000 0.750000 
21 114 0.510000 0.250000 0.490000 0.750000 
21 148 0.510000 0.250000 0.490000 0.750000 
21 120 0.510000 0.250000 0.490000 0.750000 
21 84 0.510000 0.250000 0.490000 0.750000 
21 154 0.510000 0.250000 0.490000 0.750000 
21 92 0.510000 0.250000 0.490000 0.750000 
22 97 0.510000 0.250000 0.490000 0.750000 
22 129 0.510000 0.250000 0.490000 0.750000 
22 47 0.510000 0.250000 0.490000 0.750000 
22 115 0.510000 0.250000 0.490000 0.750000 
22 149 0.510000 0.250000 0.490000 0.750000 
22 151 0.510000 0.250000 0.490000 0.750000 
22 93 0.510000 0.250000 0.490000 0.750000 
23 96 0.510000 0.250000 0.490000 0.750000 
23 128 0.510000 0.250000 0.490000 0.750000 
23 46 0.510000 0.250000 0.490000 0.750000 
23 114 0.510000 0.250000 0.490000 0.750000 
23 148 0.510000 0.250000 0.490000 0.750000 
23 150 0.510000 0.250000 0.490000 0.750000 
23 92 0.510000 0.250000 0.490000 0.750000 
24 93 0.510000 0.250000 0.490000 0.750000 
24 47 0.510000 0.250000 0.490000 0.750000 
25 92 0.510000 0.250000 0.490000 0.750000 
25 46 0.510000 0.250000 0.490000 0.750000 
26 149 0.510000 0.250000 0.490000 0.750000 
27 148 0.510000 0.250000 0.490000 0.750000 
28 105 0.510000 0.250000 0.490000 0.750000 
29 104 0.510000 0.250000 0.490000 0.750000 
30 97 0.510000 0.250000 0.490000 0.750000 
30 129 0.510000 0.250000 0.490000 0.750000 
31 96 0.510000 0.250000 0.490000 0.750000 
31 128 0.510000 0.250000 0.490000 0.750000 
32 97 0.510000 0.250000 0.490000 0.750000 
32 47 0.510000 0.250000 0.490000 0.750000 
32 81 0.510000 0.250000 0.490000 0.750000 
32 149 0.510000 0.250000 0.490000 0.750000 
32 55 0.510000 0.250000 0.490000 0.750000 
33 96 0.510000 0.250000 0.490000 0.750000 
33 46 0.510000 0.250000 0.490000 0.750000 
33 80 0.510000 0.250000 0.490000 0.750000 
33 148 0.510000 0.250000 0.490000 0.750000 
33 54 0.510000 0.250000 0.490000 0.750000 
34 97 0.510000 0.250000 0.490000 0.750000 
34 47 0.510000 0.250000 0.490000 0.750000 
34 81 0.510000 0.250000 0.490000 0.750000 
34 83 0.510000 0.250000 0.490000 0.750000 
34 87 0.510000 0.250000 0.490000 0.750000 
34 89 0.510000 0.250000 0.490000 0.750000 
34 91 0.510000 0.250000 0.490000 0.750000 
35 96 0.510000 0.250000 0.490000 0.750000 
35 46 0.510000 0.250000 0.490000 0.750000 
35 80 0.510000 0.250000 0.490000 0.750000 
35 82 0.510000 0.250000 0.490000 0.750000 
35 86 0.510000 0.250000 0.490000 0.750000 
35 88 0.510000 0.250000 0.490000 0.750000 
35 90 0.510000 0.250000 0.490000 0.750000 
36 121 0.510000 0.250000 0.490000 0.750000 
37 120 0.510000 0.250000 0.490000 0.750000 
38 115 0.510000 0.250000 0.490000 0.750000 
38 105 0.510000 0.250000 0.490000 0.750000 
38 129 0.510000 0.250000 0.490000 0.750000 
39 128 0.510000 0.250000 0.490000 0.750000 
39 114 0.510000 0.250000 0.490000 0.750000 
39 104 0.510000 0.250000 0.490000 0.750000 
40 97 0.510000 0.250000 0.490000 0.750000 
40 149 0.510000 0.250000 0.490000 0.750000 
40 93 0.510000 0.250000 0.490000 0.750000 
40 47 0.510000 0.250000 0.490000 0.750000 
41 96 0.510000 0.250000 0.490000 0.750000 
41 148 0.510000 0.250000 0.490000 0.750000 
41 46 0.510000 0.250000 0.490000 0.750000 
41 92 0.510000 0.250000 0.490000 0.750000 
42 47 0.510000 0.250000 0.490000 0.750000 
43 46 0.510000 0.250000 0.490000 0.750000 
44 63 0.510000 0.250000 0.490000 0.750000 
45 62 0.510000 0.250000 0.490000 0.750000 
46 129 0.510000 0.250000 0.490000 0.750000 
46 139 0.510000 0.250000 0.490000 0.750000 
46 147 0.510000 0.250000 0.490000 0.750000 
46 149 0.510000 0.250000 0.490000 0.750000 
46 155 0.510000 0.250000 0.490000 0.750000 
46 157 0.510000 0.250000 0.490000 0.750000 
46 135 0.510000 0.250000 0.490000 0.750000 
46 49 0.510000 0.250000 0.490000 0.750000 
46 51 0.510000 0.250000 0.490000 0.750000 
46 53 0.510000 0.250000 0.490000 0.750000 
46 137 0.510000 0.250000 0.490000 0.750000 
46 59 0.510000 0.250000 0.490000 0.750000 
46 151 0.510000 0.250000 0.490000 0.750000 
46 61 0.510000 0.250000 0.490000 0.750000 
46 65 0.510000 0.250000 0.490000 0.750000 
46 69 0.510000 0.250000 0.490000 0.750000 
46 71 0.510000 0.250000 0.490000 0.750000 
46 73 0.510000 0.250000 0.490000 0.750000 
46 77 0.510000 0.250000 0.490000 0.750000 
46 79 0.510000 0.250000 0.490000 0.750000 
46 81 0.510000 0.250000 0.490000 0.750000 
46 163 0.510000 0.250000 0.490000 0.750000 
46 85 0.510000 0.250000 0.490000 0.750000 
46 87 0.510000 0.250000 0.490000 0.750000 
46 89 0.510000 0.250000 0.490000 0.750000 
46 93 0.510000 0.250000 0.490000 0.750000 
46 97 0.510000 0.250000 0.490000 0.750000 
46 99 0.510000 0.250000 0.490000 0.750000 
46 101 0.510000 0.250000 0.490000 0.750000 
46 103 0.510000 0.250000 0.490000 0.750000 
46 105 0.510000 0.250000 0.490000 0.750000 
46 111 0.510000 0.250000 0.490000 0.750000 
46 115 0.510000 0.250000 0.490000 0.750000 
46 119 0.510000 0.250000 0.490000 0.750000 
46 153 0.510000 0.250000 0.490000 0.750000 
46 121 0.510000 0.250000 0.490000 0.750000 
46 123 0.510000 0.250000 0.490000 0.750000 
46 125 0.510000 0.250000 0.490000 0.750000 
47 128 0.510000 0.250000 0.490000 0.750000 
47 150 0.510000 0.250000 0.490000 0.750000 
47 134 0.510000 0.250000 0.490000 0.750000 
47 138 0.510000 0.250000 0.490000 0.750000 
47 152 0.510000 0.250000 0.490000 0.750000 
47 146 0.510000 0.250000 0.490000 0.750000 
47 148 0.510000 0.250000 0.490000 0.750000 
47 154 0.510000 0.250000 0.490000 0.750000 
47 156 0.510000 0.250000 0.490000 0.750000 
47 48 0.510000 0.250000 0.490000 0.750000 
47 136 0.510000 0.250000 0.490000 0.750000 
47 50 0.510000 0.250000 0.490000 0.750000 
47 52 0.510000 0.250000 0.490000 0.750000 
47 58 0.510000 0.250000 0.490000 0.750000 
47 60 0.510000 0.250000 0.490000 0.750000 
47 64 0.510000 0.250000 0.490000 0.750000 
47 68 0.510000 0.250000 0.490000 0.750000 
47 70 0.510000 0.250000 0.490000 0.750000 
47 72 0.510000 0.250000 0.490000 0.750000 
47 76 0.510000 0.250000 0.490000 0.750000 
47 162 0.510000 0.250000 0.490000 0.750000 
47 78 0.510000 0.250000 0.490000 0.750000 
47 80 0.510000 0.250000 0.490000 0.750000 
47 84 0.510000 0.250000 0.490000 0.750000 
47 86 0.510000 0.250000 0.490000 0.750000 
47 88 0.510000 0.250000 0.490000 0.750000 
47 92 0.510000 0.250000 0.490000 0.750000 
47 96 0.510000 0.250000 0.490000 0.750000 
47 98 0.510000 0.250000 0.490000 0.750000 
47 100 0.510000 0.250000 0.490000 0.750000 
47 102 0.510000 0.250000 0.490000 0.750000 
47 104 0.510000 0.250000 0.490000 0.750000 
47 110 0.510000 0.250000 0.490000 0.750000 
47 114 0.510000 0.250000 0.490000 0.750000 
47 118 0.510000 0.250000 0.490000 0.750000 
47 120 0.510000 0.250000 0.490000 0.750000 
47 122 0.510000 0.250000 0.490000 0.750000 
47 124 0.510000 0.250000 0.490000 0.750000 
48 95 0.510000 0.250000 0.490000 0.750000 
48 149 0.510000 0.250000 0.490000 0.750000 
48 93 0.510000 0.250000 0.490000 0.750000 
49 92 0.510000 0.250000 0.490000 0.750000 
49 148 0.510000 0.250000 0.490000 0.750000 
49 94 0.510000 0.250000 0.490000 0.750000 
50 61 0.510000 0.250000 0.490000 0.750000 
51 60 0.510000 0.250000 0.490000 0.750000 
52 115 0.510000 0.250000 0.490000 0.750000 
52 149 0.510000 0.250000 0.490000 0.750000 
53 114 0.510000 0.250000 0.490000 0.750000 
53 148 0.510000 0.250000 0.490000 0.750000 
54 105 0.510000 0.250000 0.490000 0.750000 
55 104 0.510000 0.250000 0.490000 0.750000 
56 81 0.510000 0.250000 0.490000 0.750000 
57 80 0.510000 0.250000 0.490000 0.750000 
58 97 0.510000 0.250000 0.490000 0.750000 
58 65 0.510000 0.250000 0.490000 0.750000 
58 79 0.510000 0.250000 0.490000 0.750000 
58 115 0.510000 0.250000 0.490000 0.750000 
58 149 0.510000 0.250000 0.490000 0.750000 
59 96 0.510000 0.250000 0.490000 0.750000 
59 64 0.510000 0.250000 0.490000 0.750000 
59 78 0.510000 0.250000 0.490000 0.750000 
59 114 0.510000 0.250000 0.490000 0.750000 
59 148 0.510000 0.250000 0.490000 0.750000 
60 97 0.510000 0.250000 0.490000 0.750000 
60 65 0.510000 0.250000 0.490000 0.750000 
60 129 0.510000 0.250000 0.490000 0.750000 
60 95 0.510000 0.250000 0.490000 0.750000 
60 71 0.510000 0.250000 0.490000 0.750000 
60 143 0.510000 0.250000 0.490000 0.750000 
60 81 0.510000 0.250000 0.490000 0.750000 
60 115 0.510000 0.250000 0.490000 0.750000 
60 149 0.510000 0.250000 0.490000 0.750000 
60 155 0.510000 0.250000 0.490000 0.750000 
61 96 0.510000 0.250000 0.490000 0.750000 
61 128 0.510000 0.250000 0.490000 0.750000 
61 70 0.510000 0.250000 0.490000 0.750000 
61 64 0.510000 0.250000 0.490000 0.750000 
61 80 0.510000 0.250000 0.490000 0.750000 
61 114 0.510000 0.250000 0.490000 0.750000 
61 148 0.510000 0.250000 0.490000 0.750000 
61 142 0.510000 0.250000 0.490000 0.750000 
61 154 0.510000 0.250000 0.490000 0.750000 
61 94 0.510000 0.250000 0.490000 0.750000 
64 139 0.510000 0.250000 0.490000 0.750000 
64 125 0.510000 0.250000 0.490000 0.750000 
64 157 0.510000 0.250000 0.490000 0.750000 
64 149 0.510000 0.250000 0.490000 0.750000 
65 138 0.510000 0.250000 0.490000 0.750000 
65 156 0.510000 0.250000 0.490000 0.750000 
65 148 0.510000 0.250000 0.490000 0.750000 
65 124 0.510000 0.250000 0.490000 0.750000 
66 139 0.510000 0.250000 0.490000 0.750000 
67 138 0.510000 0.250000 0.490000 0.750000 
68 93 0.510000 0.250000 0.490000 0.750000 
69 92 0.510000 0.250000 0.490000 0.750000 
70 97 0.510000 0.250000 0.490000 0.750000 
70 147 0.510000 0.250000 0.490000 0.750000 
70 129 0.510000 0.250000 0.490000 0.750000 
70 139 0.510000 0.250000 0.490000 0.750000 
70 157 0.510000 0.250000 0.490000 0.750000 
70 81 0.510000 0.250000 0.490000 0.750000 
70 115 0.510000 0.250000 0.490000 0.750000 
70 149 0.510000 0.250000 0.490000 0.750000 
71 96 0.510000 0.250000 0.490000 0.750000 
71 128 0.510000 0.250000 0.490000 0.750000 
71 156 0.510000 0.250000 0.490000 0.750000 
71 138 0.510000 0.250000 0.490000 0.750000 
71 146 0.510000 0.250000 0.490000 0.750000 
71 80 0.510000 0.250000 0.490000 0.750000 
71 114 0.510000 0.250000 0.490000 0.750000 
71 148 0.510000 0.250000 0.490000 0.750000 
72 149 0.510000 0.250000 0.490000 0.750000 
72 93 0.510000 0.250000 0.490000 0.750000 
73 92 0.510000 0.250000 0.490000 0.750000 
73 148 0.510000 0.250000 0.490000 0.750000 
76 97 0.510000 0.250000 0.490000 0.750000 
76 139 0.510000 0.250000 0.490000 0.750000 
76 115 0.510000 0.250000 0.490000 0.750000 
76 149 0.510000 0.250000 0.490000 0.750000 
76 93 0.510000 0.250000 0.490000 0.750000 
76 127 0.510000 0.250000 0.490000 0.750000 
77 96 0.510000 0.250000 0.490000 0.750000 
77 138 0.510000 0.250000 0.490000 0.750000 
77 114 0.510000 0.250000 0.490000 0.750000 
77 148 0.510000 0.250000 0.490000 0.750000 
77 92 0.510000 0.250000 0.490000 0.750000 
77 126 0.510000 0.250000 0.490000 0.750000 
78 161 0.510000 0.250000 0.490000 0.750000 
78 149 0.510000 0.250000 0.490000 0.750000 
78 93 0.510000 0.250000 0.490000 0.750000 
79 160 0.510000 0.250000 0.490000 0.750000 
79 148 0.510000 0.250000 0.490000 0.750000 
79 92 0.510000 0.250000 0.490000 0.750000 
80 131 0.510000 0.250000 0.490000 0.750000 
80 97 0.510000 0.250000 0.490000 0.750000 
80 147 0.510000 0.250000 0.490000 0.750000 
80 115 0.510000 0.250000 0.490000 0.750000 
80 149 0.510000 0.250000 0.490000 0.750000 
80 121 0.510000 0.250000 0.490000 0.750000 
80 123 0.510000 0.250000 0.490000 0.750000 
80 93 0.510000 0.250000 0.490000 0.750000 
80 85 0.510000 0.250000 0.490000 0.750000 
81 96 0.510000 0.250000 0.490000 0.750000 
81 84 0.510000 0.250000 0.490000 0.750000 
81 130 0.510000 0.250000 0.490000 0.750000 
81 146 0.510000 0.250000 0.490000 0.750000 
81 114 0.510000 0.250000 0.490000 0.750000 
81 148 0.510000 0.250000 0.490000 0.750000 
81 120 0.510000 0.250000 0.490000 0.750000 
81 122 0.510000 0.250000 0.490000 0.750000 
81 92 0.510000 0.250000 0.490000 0.750000 
84 97 0.510000 0.250000 0.490000 0.750000 
84 129 0.510000 0.250000 0.490000 0.750000 
84 115 0.510000 0.250000 0.490000 0.750000 
84 149 0.510000 0.250000 0.490000 0.750000 
84 151 0.510000 0.250000 0.490000 0.750000 
85 96 0.510000 0.250000 0.490000 0.750000 
85 128 0.510000 0.250000 0.490000 0.750000 
85 114 0.510000 0.250000 0.490000 0.750000 
85 148 0.510000 0.250000 0.490000 0.750000 
85 150 0.510000 0.250000 0.490000 0.750000 
90 95 0.510000 0.250000 0.490000 0.750000 
91 94 0.510000 0.250000 0.490000 0.750000 
92 97 0.510000 0.250000 0.490000 0.750000 
92 107 0.510000 0.250000 0.490000 0.750000 
92 147 0.510000 0.250000 0.490000 0.750000 
92 139 0.510000 0.250000 0.490000 0.750000 
92 115 0.510000 0.250000 0.490000 0.750000 
92 149 0.510000 0.250000 0.490000 0.750000 
92 105 0.510000 0.250000 0.490000 0.750000 
92 125 0.510000 0.250000 0.490000 0.750000 
92 127 0.510000 0.250000 0.490000 0.750000 
93 96 0.510000 0.250000 0.490000 0.750000 
93 138 0.510000 0.250000 0.490000 0.750000 
93 146 0.510000 0.250000 0.490000 0.750000 
93 104 0.510000 0.250000 0.490000 0.750000 
93 114 0.510000 0.250000 0.490000 0.750000 
93 148 0.510000 0.250000 0.490000 0.750000 
93 124 0.510000 0.250000 0.490000 0.750000 
93 106 0.510000 0.250000 0.490000 0.750000 
93 126 0.510000 0.250000 0.490000 0.750000 
96 129 0.510000 0.250000 0.490000 0.750000 
96 139 0.510000 0.250000 0.490000 0.750000 
96 145 0.510000 0.250000 0.490000 0.750000 
96 149 0.510000 0.250000 0.490000 0.750000 
96 135 0.510000 0.250000 0.490000 0.750000 
96 151 0.510000 0.250000 0.490000 0.750000 
96 105 0.510000 0.250000 0.490000 0.750000 
96 115 0.510000 0.250000 0.490000 0.750000 
96 121 0.510000 0.250000 0.490000 0.750000 
96 125 0.510000 0.250000 0.490000 0.750000 
97 128 0.510000 0.250000 0.490000 0.750000 
97 150 0.510000 0.250000 0.490000 0.750000 
97 134 0.510000 0.250000 0.490000 0.750000 
97 138 0.510000 0.250000 0.490000 0.750000 
97 144 0.510000 0.250000 0.490000 0.750000 
97 148 0.510000 0.250000 0.490000 0.750000 
97 104 0.510000 0.250000 0.490000 0.750000 
97 114 0.510000 0.250000 0.490000 0.750000 
97 120 0.510000 0.250000 0.490000 0.750000 
97 124 0.510000 0.250000 0.490000 0.750000 
100 115 0.510000 0.250000 0.490000 0.750000 
100 135 0.510000 0.250000 0.490000 0.750000 
101 114 0.510000 0.250000 0.490000 0.750000 
101 134 0.510000 0.250000 0.490000 0.750000 
102 123 0.510000 0.250000 0.490000 0.750000 
102 115 0.510000 0.250000 0.490000 0.750000 
102 151 0.510000 0.250000 0.490000 0.750000 
103 114 0.510000 0.250000 0.490000 0.750000 
103 122 0.510000 0.250000 0.490000 0.750000 
103 150 0.510000 0.250000 0.490000 0.750000 
104 125 0.510000 0.250000 0.490000 0.750000 
104 115 0.510000 0.250000 0.490000 0.750000 
104 149 0.510000 0.250000 0.490000 0.750000 
104 121 0.510000 0.250000 0.490000 0.750000 
105 124 0.510000 0.250000 0.490000 0.750000 
105 114 0.510000 0.250000 0.490000 0.750000 
105 148 0.510000 0.250000 0.490000 0.750000 
105 120 0.510000 0.250000 0.490000 0.750000 
110 157 0.510000 0.250000 0.490000 0.750000 
110 149 0.510000 0.250000 0.490000 0.750000 
111 156 0.510000 0.250000 0.490000 0.750000 
111 148 0.510000 0.250000 0.490000 0.750000 
114 129 0.510000 0.250000 0.490000 0.750000 
114 139 0.510000 0.250000 0.490000 0.750000 
114 149 0.510000 0.250000 0.490000 0.750000 
114 155 0.510000 0.250000 0.490000 0.750000 
114 159 0.510000 0.250000 0.490000 0.750000 
114 147 0.510000 0.250000 0.490000 0.750000 
114 121 0.510000 0.250000 0.490000 0.750000 
114 125 0.510000 0.250000 0.490000 0.750000 
115 128 0.510000 0.250000 0.490000 0.750000 
115 138 0.510000 0.250000 0.490000 0.750000 
115 148 0.510000 0.250000 0.490000 0.750000 
115 154 0.510000 0.250000 0.490000 0.750000 
115 158 0.510000 0.250000 0.490000 0.750000 
115 146 0.510000 0.250000 0.490000 0.750000 
115 120 0.510000 0.250000 0.490000 0.750000 
115 124 0.510000 0.250000 0.490000 0.750000 
116 151 0.510000 0.250000 0.490000 0.750000 
117 150 0.510000 0.250000 0.490000 0.750000 
118 151 0.510000 0.250000 0.490000 0.750000 
119 150 0.510000 0.250000 0.490000 0.750000 
120 149 0.510000 0.250000 0.490000 0.750000 
120 125 0.510000 0.250000 0.490000 0.750000 
121 148 0.510000 0.250000 0.490000 0.750000 
121 124 0.510000 0.250000 0.490000 0.750000 
122 151 0.510000 0.250000 0.490000 0.750000 
123 150 0.510000 0.250000 0.490000 0.750000 
124 149 0.510000 0.250000 0.490000 0.750000 
125 148 0.510000 0.250000 0.490000 0.750000 
128 141 0.510000 0.250000 0.490000 0.750000 
128 157 0.510000 0.250000 0.490000 0.750000 
128 149 0.510000 0.250000 0.490000 0.750000 
129 156 0.510000 0.250000 0.490000 0.750000 
129 140 0.510000 0.250000 0.490000 0.750000 
129 148 0.510000 0.250000 0.490000 0.750000 
138 149 0.510000 0.250000 0.490000 0.750000 
138 153 0.510000 0.250000 0.490000 0.750000 
139 148 0.510000 0.250000 0.490000 0.750000 
139 152 0.510000 0.250000 0.490000 0.750000 
140 159 0.510000 0.250000 0.490000 0.750000 
141 158 0.510000 0.250000 0.490000 0.750000 
146 157 0.510000 0.250000 0.490000 0.750000 
146 149 0.510000 0.250000 0.490000 0.750000 
147 156 0.510000 0.250000 0.490000 0.750000 
147 148 0.510000 0.250000 0.490000 0.750000 
148 161 0.510000 0.250000 0.490000 0.750000 
148 155 0.510000 0.250000 0.490000 0.750000 
148 157 0.510000 0.250000 0.490000 0.750000 
149 154 0.510000 0.250000 0.490000 0.750000 
149 156 0.510000 0.250000 0.490000 0.750000 
149 160 0.510000 0.250000 0.490000 0.750000 
