0 0.990000 0.010000
1 0.010000 0.990000
2 0.500000 0.500000
3 0.500000 0.500000
4 0.990000 0.010000
5 0.500000 0.500000
6 0.500000 0.500000
7 0.500000 0.500000
8 0.990000 0.010000
9 0.500000 0.500000
10 0.500000 0.500000
11 0.500000 0.500000
12 0.500000 0.500000
13 0.010000 0.990000
14 0.990000 0.010000
15 0.500000 0.500000
16 0.500000 0.500000
17 0.010000 0.990000
18 0.500000 0.500000
19 0.500000 0.500000
20 0.500000 0.500000
21 0.500000 0.500000
22 0.500000 0.500000
23 0.500000 0.500000
24 0.990000 0.010000
25 0.500000 0.500000
26 0.500000 0.500000
27 0.500000 0.500000
28 0.500000 0.500000
29 0.990000 0.010000
30 0.500000 0.500000
31 0.990000 0.010000
32 0.500000 0.500000
33 0.500000 0.500000
34 0.500000 0.500000
35 0.990000 0.010000
36 0.500000 0.500000
37 0.990000 0.010000
38 0.990000 0.010000
39 0.500000 0.500000
40 0.500000 0.500000
41 0.500000 0.500000
42 0.990000 0.010000
43 0.500000 0.500000
44 0.990000 0.010000
45 0.500000 0.500000
46 0.990000 0.010000
47 0.500000 0.500000
48 0.500000 0.500000
49 0.010000 0.990000
50 0.500000 0.500000
51 0.500000 0.500000
52 0.010000 0.990000
53 0.500000 0.500000
54 0.500000 0.500000
55 0.500000 0.500000
56 0.010000 0.990000
57 0.500000 0.500000
58 0.010000 0.990000
59 0.010000 0.990000
60 0.010000 0.990000
61 0.990000 0.010000
62 0.500000 0.500000
63 0.990000 0.010000
64 0.010000 0.990000
65 0.500000 0.500000
66 0.500000 0.500000
67 0.010000 0.990000
68 0.990000 0.010000
69 0.010000 0.990000
70 0.500000 0.500000
71 0.500000 0.500000
72 0.500000 0.500000
73 0.500000 0.500000
74 0.500000 0.500000
75 0.500000 0.500000
76 0.500000 0.500000
77 0.990000 0.010000
78 0.010000 0.990000
79 0.990000 0.010000
80 0.010000 0.990000
81 0.990000 0.010000
82 0.990000 0.010000
83 0.010000 0.990000
84 0.500000 0.500000
85 0.500000 0.500000
86 0.500000 0.500000
87 0.990000 0.010000
88 0.010000 0.990000
89 0.990000 0.010000
90 0.500000 0.500000
91 0.500000 0.500000
92 0.500000 0.500000
93 0.990000 0.010000
94 0.500000 0.500000
95 0.500000 0.500000
96 0.500000 0.500000
97 0.500000 0.500000
98 0.990000 0.010000
99 0.010000 0.990000
100 0.500000 0.500000
101 0.990000 0.010000
102 0.500000 0.500000
103 0.990000 0.010000
104 0.500000 0.500000
105 0.500000 0.500000
106 0.990000 0.010000
107 0.500000 0.500000
108 0.500000 0.500000
109 0.500000 0.500000
110 0.010000 0.990000
111 0.500000 0.500000
112 0.500000 0.500000
113 0.500000 0.500000
114 0.990000 0.010000
115 0.990000 0.010000
116 0.500000 0.500000
117 0.990000 0.010000
118 0.500000 0.500000
119 0.500000 0.500000
120 0.500000 0.500000
121 0.500000 0.500000
122 0.500000 0.500000
123 0.500000 0.500000
124 0.500000 0.500000
125 0.500000 0.500000
126 0.500000 0.500000
127 0.500000 0.500000
128 0.990000 0.010000
129 0.500000 0.500000
130 0.010000 0.990000
131 0.990000 0.010000
132 0.500000 0.500000
133 0.500000 0.500000
134 0.500000 0.500000
135 0.500000 0.500000
136 0.500000 0.500000
137 0.500000 0.500000
138 0.990000 0.010000
139 0.500000 0.500000
140 0.500000 0.500000
141 0.500000 0.500000
142 0.990000 0.010000
143 0.500000 0.500000
144 0.500000 0.500000
145 0.500000 0.500000
146 0.500000 0.500000
147 0.990000 0.010000
148 0.500000 0.500000
149 0.990000 0.010000
150 0.500000 0.500000
151 0.500000 0.500000
152 0.500000 0.500000
153 0.010000 0.990000
154 0.500000 0.500000
155 0.500000 0.500000
156 0.990000 0.010000
157 0.990000 0.010000
158 0.500000 0.500000
159 0.990000 0.010000
160 0.010000 0.990000
161 0.500000 0.500000
162 0.500000 0.500000
163 0.500000 0.500000
